118484.776919603,12625.7539721727,53.6010980308056,34595.9294252694,82.1723198890686,15127.9639548957,8415.26902201772,449.2205683887,3330.35858803988,3438.47772237659,0.689771294593811,135.082819342613,6.07376819849014,0,2958.99225795269,67.425621598959,140.901299118996,3.01156562566757,1874.95487329364,352.347624123096,18.1305230557919,7.30913525819778,3.0372651219368,8.21514245867729,13.3748524487019,157.151160180569,1.63070124387741,27.1413196921349,52649.2768243551,2269.89597412944,4834.59336319566,610.723196774721,1742.56416103244,1175.0081974268,16250.4256961644,44.5211248397827,151.197884947062,13.8811464309692,820.553988575935,1.07215818762779,449.828737616539,24322.2454235554,9263.3674633503,1969.03290691972,15350.2342838347,22.4787663817406,43.0547878742218,776.583388268948,55.3794045448303,5.05493503808975,38.9633392393589,54.2988065481186,164.492564499378,44.3293043076992,273.132633954287,27.5820502638817,13.7794852852821,0,2.71312406659126,5.34635147452354,3.58699396252632,18.4360797405243,5.58920535445213,22.508981347084,45.9398182630539,2.65924197435379,2.9627777338028,3.05620393157005,26.2811060249805,53.477126210928,6.00627890229225,181.595868647099,213.98729339242,53.2701975703239,488.951107233763,431.673536509275,721.558922439814,2.24912223219872,545.683802485466,3.96349802613258,137.179144233465,52.5541400611401,9.29644584655762,47.6503735482693,3902.52719543874,0,114.070868313313,0,0,14.2292451858521,81.1899407505989,436.361952573061,6.4624819457531,10.0791553258896,0.877947598695755,0.58765983581543,0,2.84330454468727,5.45480573177338,11.5656795799732,33.3527930676937,0.508415222167969,3.07578837871552,127.596916109324,143.402679800987,37.3780336380005,26.8199999928474,112.476619571447,322.054175823927,119.284885525703,0,15.6600976288319,1.7492738366127,86.2830519974232,1.12369152903557,29.7930407822132
12625.7539721727,108548.648600072,2680.8619300127,89476.8645855635,1181.36788782477,3450.20097747445,6678.07100570202,2409.09870117903,769.309902250767,12883.6032258123,460.075804889202,29100.5464491993,2485.53208377957,581.993421047926,6534.7147423476,3089.08166825771,1084.11795347929,74.2807567417622,289.974172353745,32.297865152359,299.876689583063,125.390726923943,71.1467130482197,75.7624333947897,36.1408067941666,104.366755992174,13.6385509073734,25.5065788924694,966.103368282318,926.995215773582,699.59887072444,300.460539579391,202.562938094139,4007.97604298592,2645.13226759434,18.0743502676487,207.345717161894,66.8057728111744,461.916077107191,20.8270469903946,268.287898331881,9185.63006156683,11173.0418131351,1521.54471221566,9587.25414521992,9.15181621909142,32.5195000171661,208.845172047615,11.0827421247959,2.91324916481972,39.3751503825188,35.4004444777966,200.525180727243,24.202002286911,302.598007202148,20.102890431881,1.556381970644,0,0.492194950580597,4.53842261433601,4.57632905244827,26.9140304327011,11.0907883644104,20.4008652567863,41.7138727009296,1.13511955738068,0.584867358207703,6.18094748258591,33.9364697337151,59.8785888552666,5.60972082614899,2245.17333641648,1237.4555811584,187.596419245005,1539.016946733,252.521999925375,2590.52359238267,700.76170065999,4421.51979699731,601.406438425183,820.359962433577,563.921205580235,173.821576267481,104.501793801785,2976.72426065803,45.7408712208271,5225.80714032054,943.109692633152,110.484254866838,79.4742442071438,2360.01172959805,967.203366845846,18.9626141488552,26.4164071679115,3.03718096017838,8.33425390720367,4.78384348750114,6.96271815896034,31.2860006690025,10.731298327446,62.6320458352566,1.02915287017822,6.09480807185173,74.0579946935177,108.413520008326,56.9471281468868,22.0218436419964,163.490102678537,470.672996640205,80.0753979086876,0.379991203546524,24.2303016483784,2.77771103382111,124.905962988734,10.5288797914982,44.2433201670647
53.6010980308056,2680.8619300127,3406.4616112113,1517.57995796204,2380.87837138772,4.01327320933342,149.756170302629,4085.45518359542,5.86416286230087,24.7667550444603,311.670190513134,440.274848788977,794.535695910454,545.409476935863,3498.9813901186,297.921516597271,71.5954918265343,33.5449373424053,129.359768182039,13.7114279568195,679.484376341105,162.027806222439,38.0478120744228,201.457195281982,54.1204260587692,96.6105597615242,22.6909434199333,50.5356169641018,39.1403256952763,16.6968759000301,49.4252980649471,20.167672932148,66.26713976264,74.8246654123068,13.7127016782761,0,93.9843415915966,1504.44811305404,496.899695277214,583.669644296169,301.753968194127,2346.26761803031,4083.26319998503,67.4715712368488,553.439303725958,12.3545230329037,3.2307448387146,14.0855599045753,1.54880106449127,8.73194155097008,2.43983513116837,1.53231513500214,10.8677934706211,0,11.028363764286,1.25727981328964,0,0,0,0.433224856853485,0,2.27265432476997,0.889396965503693,0,1.13977688550949,0,0.828788876533508,0,0.638359665870667,0,2.00682973861694,240.98347222805,86.1810788810253,9.2062286734581,50.3438991606236,1.6453905403614,175.005427360535,100.160675942898,243.844323188066,61.7401105463505,11.5546969473362,26.8428492248058,20.5551819503307,0.462912410497665,10.8465015888214,18.5107946097851,488.033194303513,223.90736618638,28.4879529178143,0.452025026082993,200.633329302073,41.3118686079979,7.0345051586628,16.4791878759861,0,1.49491614103317,13.74797052145,0.581209897994995,2.28994601964951,4.57081523537636,0.907564520835876,0,1.60538971424103,1.34115666151047,0,2.66424530744553,1.87913054227829,0.812492668628693,38.8820163011551,1.17145994305611,0,1.71751934289932,1.12380886077881,0.496903568506241,1.04700922966003,0.411640405654907
34595.9294252694,89476.8645855635,1517.57995796204,266184.290934622,5757.19698649645,8747.12036350369,31062.7479609549,2341.23499077559,335.96338391304,2696.04616062343,69.8962889909744,6103.28321740031,163.050642281771,55.3112956285477,3941.05062362552,2810.57993723452,589.778425246477,42.847648113966,338.384438887239,65.7272098660469,112.37396967411,58.6924069225788,40.1924269795418,55.5332713127136,69.3829046785831,907.528275251389,11.4903400838375,240.276789098978,7938.09142267704,1942.49454918504,7018.56000125408,1508.2812012136,5910.45258897543,1893.41908988357,1682.32339939475,69.9019998908043,536.064786806703,47.5609470009804,3958.00508506596,9.3879616856575,3360.63300426304,25428.7915201634,7501.14798586071,901.801542192698,7646.40362539887,6.54779180884361,21.2597333192825,170.92237085104,16.2718738019466,2.34757363796234,19.1347108185291,21.8138015568256,89.5796270668507,12.042443305254,152.241158515215,14.0425432920456,3.87910276651382,0,2.51998367905617,2.31744480133057,0.329926788806915,20.7107502818108,10.8916093409061,15.804048538208,46.0398120880127,0,0.444180518388748,2.57432281970978,15.9496961534023,29.0018329322338,0.770428657531738,2302.08269369602,1218.87626090646,203.843125939369,1735.44476535916,275.24346268177,3010.15750065446,490.591185718775,6142.372948125,532.086882829666,993.75898784399,759.31793281436,159.612964481115,112.895767241716,3206.03381186724,21.8435080945492,5087.04045978189,389.916750580072,38.5214333832264,79.4508220255375,2043.68065321445,996.943788856268,18.1525467932224,25.1811179667711,3.13200128078461,9.03264844417572,1.68641865253448,6.5282210111618,30.3835285902023,17.2658241987228,72.6690911948681,1.52352038025856,8.34693536162376,152.207862496376,181.456478059292,68.8227128386497,64.2829448878765,169.671257585287,583.423018783331,66.3726863861084,0.926812618970871,51.5640376806259,1.50997269153595,142.176609486341,5.39748391509056,58.4378413558006
82.1723198890686,1181.36788782477,2380.87837138772,5757.19698649645,7075.83166581392,32.564083725214,2600.40141400695,19972.4880180359,12.7261931300163,41.3930612504482,39.3658293485641,320.536651700735,44.1187224686146,13.7864102721214,3113.09577685595,292.739245682955,21.1765602231026,5.04472979903221,119.83127990365,11.0774772167206,562.28457981348,151.440115809441,22.9315155744553,173.002163171768,57.7073064446449,100.71534204483,21.7165835797787,50.9958606660366,47.4437135756016,22.1191425323486,71.4076327681541,50.4241409599781,53.9639608860016,57.4449669718742,17.3385959863663,2.54000249505043,70.5872177481651,515.958414167166,360.054788470268,107.779554024339,224.933788985014,2528.43830123544,4859.64502540231,105.056708812714,897.297075301409,6.23713481426239,2.29446148872375,11.610300630331,0.664571583271027,6.54861956834793,4.18636578321457,1.80056631565094,15.0663050413132,2.47570604085922,11.754940867424,1.17161476612091,0,0,0,0,0.938887566328049,4.14924576878548,1.55771267414093,0.755933105945587,2.79497587680817,0,0.771381139755249,0,0,2.02769669890404,0,269.48412629962,96.5474141538143,10.5398516356945,62.6069597601891,1.96189072728157,198.520514547825,130.8706189394,302.04257902503,107.894836068153,19.5521532297134,34.9959135949612,36.445075571537,0.446827203035355,25.0462110936642,4.93194031715393,567.80054885149,121.524645268917,11.6970671117306,2.17007142305374,183.358117192984,63.3638443648815,6.39550158381462,14.8108064234257,0,2.1356343626976,8.79448843002319,0.467292129993439,0,0.702024698257446,1.09340980648994,0,1.51204660534859,0.731842786073685,4.04261022806168,2.27167588472366,0.863380014896393,1.28795829415321,36.080398619175,0,0,2.94537192583084,0,0.621678173542023,1.36251387000084,0
15127.9639548957,3450.20097747445,4.01327320933342,8747.12036350369,32.564083725214,9338.35259097815,12021.8707920015,277.923339426517,5957.78703686595,1841.79847314954,0,126.03639575839,0,0.37568673491478,7250.08374896646,125.643070966005,32.6825040280819,5.12452244758606,122.242412686348,26.4190676212311,5.87786713242531,7.71599385142326,2.18298691511154,2.29926773905754,12.1728942096233,45.0028075575829,1.39931988716125,12.7898750603199,3768.47124370933,453.375536590815,3711.68935284019,1340.96001684666,410.339080750942,630.971907883883,730.116180151701,33.8007320165634,635.527022778988,12.0453236699104,887.070601254702,0,487.096352398396,2643.78885135055,1895.16877272725,304.746880233288,1291.09099176526,0,0.993923902511597,53.9751539230347,6.07852792739868,0.538535892963409,1.70271295309067,5.81185704469681,12.9095455408096,0.558356106281281,25.1954513788223,2.79160505533218,1.54408931732178,0,0,0,0,0.76405394077301,0,0,2.72264650464058,0,0,0,1.7357617020607,1.15250146389008,0.7410529255867,36.9431152939796,53.7132393717766,7.47157451510429,111.736571550369,17.2338691949844,109.787444531918,1.51841217279434,195.823894649744,3.56934103369713,68.74310323596,13.7332449257374,2.28307646512985,14.6630443036556,368.696666777134,0,128.775629431009,3.27674442529678,1.85748791694641,4.52101331949234,78.2002583742142,90.4146908223629,1.16307580471039,7.77247032523155,0,0,0,2.35811832547188,0,0.586428761482239,4.94657221436501,0,0.539886355400085,22.8532256186008,22.551863193512,4.13250568509102,5.91448929905891,11.2195478081703,74.4631925523281,4.8332841694355,0,6.92746379971504,0,10.1691272258759,0,3.90743800997734
8415.26902201772,6678.07100570202,149.756170302629,31062.7479609549,2600.40141400695,12021.8707920015,57618.5442627966,15574.0682820976,892.618251264095,1776.58394229412,9.24574092030525,2185.81198143959,27.7080382704735,6.37976577877998,11878.0788682699,1212.85259649158,299.749770238996,28.3729334175587,135.547782748938,24.43852648139,27.8867826759815,41.0734932720661,19.6825324892998,26.0991861522198,25.9448965191841,211.229296714067,6.086584597826,78.4412558376789,1670.4276342392,457.218425869942,4864.76830327511,2127.9173040688,1223.94936275482,1209.7634370029,287.485706359148,60.6463189423084,1856.58473771811,60.0251172780991,3993.37314704061,4.67347067594528,2516.32915855944,9871.54869183898,2997.76472532749,170.739622741938,2344.08020105958,1.35175880789757,5.1478805243969,40.1188235282898,8.64925423264503,0,2.27529448270798,6.09559515118599,27.4408130049706,0.584579229354858,53.5750335156918,5.00633138418198,0.98835426568985,0,0,0.306385159492493,1.11052477359772,6.79959669709206,1.47823351621628,2.74240401387215,9.06867447495461,0,0,1.17052292823792,8.11834019422531,7.91924592852592,0,607.043725579977,261.680557519197,55.5775119662285,523.873627066612,37.4928176403046,803.58111050725,64.4599142372608,1922.96902245283,66.0585222840309,320.789915770292,274.805778801441,24.8684157133102,21.3488802611828,608.088629812002,3.89074182510376,1782.68950790167,60.3895969390869,6.11056709289551,17.1439161598682,624.464100897312,430.39091861248,9.29821386933327,9.45512804389,0.538167953491211,1.16552919149399,0,0.940439701080322,4.51274260878563,1.22553884983063,7.44144490361214,0.459009408950806,1.01872420310974,32.0853146910667,35.1757204830647,16.1813527643681,11.9603710174561,26.6467529535294,132.959299176931,5.32955953478813,0,12.4390877783298,0,19.7581120729446,0,4.81973150372505
449.2205683887,2409.09870117903,4085.45518359542,2341.23499077559,19972.4880180359,277.923339426517,15574.0682820976,23327.6774095297,223.715868473053,138.297721385956,32.9369612634182,544.144332557917,112.145845890045,151.405484765768,13862.3260574937,253.78311124444,55.9926765263081,4.75565499067307,92.6509019732475,7.47849825024605,501.586035043001,126.369956284761,32.6677775084972,129.137821674347,41.0189129710197,70.8883734941483,16.5242703258991,29.7406108081341,346.53765591979,89.5929645597935,133.89497384429,133.713846772909,52.0833213925362,109.449993133545,130.944574952126,28.1947853565216,416.646924227476,878.121150553226,478.654515236616,51.3991551399231,265.544780790806,5420.21806415915,8403.92460891604,330.47322037816,2081.63740110397,7.43635725975037,3.57646721601486,29.342043608427,2.32732367515564,4.08164927363396,7.55896374583244,2.38063794374466,22.1625069975853,2.03137958049774,24.7032600939274,2.90049564838409,0,0,0.862142503261566,0,1.41623294353485,1.68814024329185,4.73922115564346,6.08389759063721,0.625427186489105,0,0.760422050952911,0,4.96354055404663,3.7843801677227,0,195.80075982213,69.0029958188534,5.34921264648438,56.2440405189991,2.60546168684959,170.577954232693,80.7969610989094,268.98323482275,76.7305826544762,21.5159789025784,26.7551822960377,12.900912463665,1.07138442993164,30.7355034351349,5.48736298084259,424.120909780264,82.3591459393501,3.1305046081543,1.10479992628098,196.253546267748,40.5829183459282,2.78372949361801,10.9135092496872,0.846336901187897,0.701803863048553,4.07953667640686,0,0.399780035018921,1.94140893220901,1.35636401176453,0,0,1.95707032084465,1.34354984760284,1.71051144599915,0.963259994983673,2.90779280662537,23.9037103354931,1.70193254947662,0,1.59502097964287,1.30500668287277,0.810965865850449,0.761496126651764,1.23733913898468
3330.35858803988,769.309902250767,5.86416286230087,335.96338391304,12.7261931300163,5957.78703686595,892.618251264095,223.715868473053,19643.3745088279,638.099372774363,0,22.7346427440643,1.97517448663712,0,17545.3377389014,24.1603508889675,7.67683607339859,4.84514099359512,77.98960262537,15.8538380563259,0.438424557447433,5.74946829676628,3.83434769511223,5.18360275030136,19.5981858074665,52.9871819913387,0.414130598306656,6.20209330320358,15720.2219721079,539.469258695841,2744.68880367279,9735.42871785164,72.5636877417564,312.58108368516,536.594411790371,1461.74107724428,5093.72293326259,39.5192776620388,297.941034764051,0,42.8193183541298,635.945861101151,2207.49990692735,230.272584021091,754.398115128279,1.9748095870018,3.18828138709068,40.4222011268139,5.5118493437767,0,3.727379322052,4.50050699710846,4.44023036956787,1.27756780385971,7.27794426679611,1.0833477973938,0,0,0,0,0,0,0,0.692296981811523,2.65414962172508,0,0,0,2.17020919919014,2.20536935329437,0,8.1571926176548,11.1339158713818,2.32792916893959,14.4593329429626,4.90922239422798,16.5814794003963,1.05281519889832,23.4828540682793,0.646945238113403,6.56367173790932,3.78942421078682,0,0.93158882856369,62.7069057822227,0,22.6119827628136,0.829347044229507,0,1.47464817762375,12.6826791763306,24.8953350186348,4.55964469909668,0.786198318004608,0,0,0.516352474689484,0.956614971160889,0,2.73270845413208,0,0,0,14.0223637223244,9.576306194067,1.76383757591248,5.31518563628197,0.497623413801193,30.6844701468945,5.4359518289566,0,5.59019768238068,0,2.61638557910919,0,0
3438.47772237659,12883.6032258123,24.7667550444603,2696.04616062343,41.3930612504482,1841.79847314954,1776.58394229412,138.297721385956,638.099372774363,40902.2669559568,22.6232228577137,10824.7135718763,22.5676623880863,9.97698596119881,1348.66333833337,3952.38834103942,7781.42956149578,128.753497242928,277.69107323885,50.4942007064819,5.92887151241302,146.770140886307,116.358838766813,14.2468110322952,7.30664491653442,9.89499938488007,0,7.36471092700958,744.642248719931,605.297467380762,274.675710618496,107.771118193865,40.9210942387581,5136.44617915154,18613.4156863987,2.09603035449982,67.721922069788,4.20711824297905,125.109699696302,0.744480669498444,55.5875824093819,2765.83925251663,3985.84036043286,961.935806840658,6937.08155739307,11.085504591465,22.3024445474148,182.259194582701,19.9434415698051,2.27110487222672,26.8979091048241,40.9693843722343,143.621701151133,23.3956150710583,372.345598399639,25.9561568200588,4.39484506845474,0,0.965554237365723,3.6152403652668,3.22290927171707,29.9275641143322,15.9660066962242,55.233867675066,125.707284629345,1.8252130150795,2.51666581630707,5.87849754095078,44.6334193050861,77.3998260200024,10.923453271389,1150.61860455573,1727.94669112563,368.534967035055,4037.83790194988,941.109781116247,2528.65084654093,28.6736117601395,3485.4547842443,15.8611743152142,1900.49200889468,538.404799669981,60.3129112422466,378.968842595816,17117.0177764893,0.335933297872543,2032.95910826325,33.8166532218456,1.32976698875427,156.769127011299,1592.60558202863,4104.88805299997,14.785036534071,37.5264419615269,6.70066252350807,0,5.6344011425972,14.4998705089092,31.9360499680042,31.3416972756386,128.424241930246,2.72234731912613,10.4143303930759,259.168505400419,282.81157591939,117.135564953089,24.2626048624516,375.54238986969,1516.55473959446,404.084409207106,0.618558168411255,40.046815931797,1.57834446430206,272.379758298397,5.12226498126984,95.5327511131763
0.689771294593811,460.075804889202,311.670190513134,69.8962889909744,39.3658293485641,0,9.24574092030525,32.9369612634182,0,22.6232228577137,1900.59576386213,1692.70224899054,867.011181294918,696.020201295614,55.7855418026447,1764.2976077199,405.07212010026,149.896347761154,487.244682848454,37.549472540617,33.4494055509567,81.2250590026379,8.2127300798893,28.1019586622715,6.41662082076073,4.77560582756996,0.638574361801147,5.97931432723999,0,3.92756634950638,2.08062791824341,0,2.76048702001572,163.746278762817,2.733752399683,0,0,9.89986392855644,2.18337506055832,6.71308124065399,3.80677855014801,2678.52087330818,326.52245375514,46.7341604232788,50.8443758189678,0.507080614566803,0,6.24207961559296,2.72578716278076,0,0.479913920164108,0,0,0,1.05499315261841,0.63573157787323,0,0,0,0,0,0,0,0,0.372132122516632,0,0,0,0,0,0,120.784191846848,56.1020589768887,15.3005633354187,18.4638472497463,0,60.0366772711277,48.1878989338875,37.8384065330029,19.8395288586617,1.93316352367401,4.30506640672684,11.077586889267,0,1.6914404630661,156.986896067858,402.333175837994,668.266376495361,127.949190497398,0,606.094764113426,26.9796225726604,0.304199993610382,18.307010024786,0.296489477157593,14.3688668608665,0,1.23819375038147,5.3260623216629,1.24743402004242,0.564557194709778,0,0.773472368717194,1.48469877243042,0,0,0,0,6.89079812169075,0,0,0,0.516610860824585,0,0.548116326332092,0
135.082819342613,29100.5464491993,440.274848788977,6103.28321740031,320.536651700735,126.03639575839,2185.81198143959,544.144332557917,22.7346427440643,10824.7135718763,1692.70224899054,88983.2311206162,2595.29026767612,866.689396500587,2010.76132851839,24878.31948331,7023.8087759465,1050.36789235473,52.8016144186258,205.139416798949,111.531731128693,763.014435812831,175.669301137328,207.493575751781,12.8649106323719,28.5806931853294,2.5003248155117,51.7663211375475,85.896765679121,64.5987008213997,67.9069421887398,28.4064819812775,30.4189255237579,4135.55124768615,224.37546518445,5.30032661557198,50.0261518061161,22.6511473953724,90.079490840435,10.4437272250652,48.6125024855137,5683.65264365077,4073.56855890155,313.798125267029,2262.03842124343,4.99993687868118,4.5050998032093,43.510838329792,2.83689069747925,1.07979652285576,8.39510956406593,5.56626170873642,41.5969425141811,7.09181487560272,72.8755482137203,6.22931030392647,1.47154343128204,0,0,1.11142212152481,0,6.21905887126923,5.29406988620758,10.6930428147316,23.7782216072083,0.603129744529724,0,0,10.0240491330624,12.7901501059532,0.56298291683197,3547.78517088294,1570.8167450726,265.952836871147,1658.70684146881,67.068134188652,3065.03901541233,874.437580943108,4969.42760169506,706.582003057003,719.937532812357,691.254381418228,210.691292405128,29.0743701457977,938.98369255662,100.807933211327,9459.69738173485,1876.7816156745,391.474620342255,44.3543090820312,5378.46444714069,1469.56090947986,18.7961792945862,13.8990442156792,2.55930188298225,18.6498293578625,2.17812633514404,2.04245099425316,23.8568096160889,3.08114340901375,18.2104463875294,0.757619798183441,7.8392673432827,18.0186487436295,25.4065229296684,24.016707777977,10.077941775322,44.5076968073845,211.164614140987,18.6974489688873,0,23.2104397714138,7.4988711476326,28.3838770389557,10.3344655036926,8.84874302148819
6.07376819849014,2485.53208377957,794.535695910454,163.050642281771,44.1187224686146,0,27.7080382704735,112.145845890045,1.97517448663712,22.5676623880863,867.011181294918,2595.29026767612,2518.89648208022,1581.78050523996,144.549735784531,1285.4092476666,70.2083117365837,33.7260966897011,10.9053614139557,5.82596272230148,54.552972137928,31.8432795107365,1.99202832579613,13.1489158570766,5.81549349427223,9.00851833820343,1.83394050598145,2.52110108733177,1.98975390195847,0,6.90289679169655,1.83668947219849,3.88825935125351,36.9730927944183,2.62526604533195,0,1.09921717643738,24.8531691730022,13.6929939091206,9.02855163812637,9.86851930618286,1573.00738808513,554.023309081793,25.6847997903824,95.998857408762,1.14148917794228,0.526531040668488,0,0,0,0,2.7040883898735,1.9315413236618,0.941960632801056,3.10255628824234,0.388367712497711,0,0,0,0.627624213695526,0,0,0,0,0.841338753700256,0,0,0,0.606876313686371,1.05769801139832,0,194.385168761015,103.344175249338,2.60687047243118,27.4322928190231,2.28617984056473,110.091391384602,137.796093016863,94.131244301796,44.707258194685,4.25423380732536,5.69357296824455,23.7840820252895,0,5.37103986740112,70.6637851297855,477.430061966181,952.95201832056,292.286266893148,3.14707559347153,272.420567452908,23.4326331019402,0.353373378515244,1.29864665865898,0,1.38642466068268,0,0,0.251600742340088,0,0,0,0,0,0,0,0,0,3.02879372239113,0,0,0,0,0,1.0177196264267,0
0,581.993421047926,545.409476935863,55.3112956285477,13.7864102721214,0.37568673491478,6.37976577877998,151.405484765768,0,9.97698596119881,696.020201295614,866.689396500587,1581.78050523996,374.075286477804,237.180976837873,1794.16709312797,216.035086721182,71.9402051568031,323.324911236763,22.4970813989639,80.7468770444393,51.8119263648987,3.98419523239136,26.9258272349834,4.12701961398125,18.5584319531918,3.63680377602577,7.50729104876518,3.59359461069107,1.16536194086075,6.10236412286758,0.664304435253143,2.83517971634865,74.1661146879196,1.15022084116936,0,12.2401243150234,165.788359463215,50.063017398119,67.6612212955952,25.743390083313,1936.66590783,702.514048278332,42.4861087203026,67.2328795790672,1.08377087116241,0,5.72691494226456,2.28751850128174,1.63143244385719,0,1.08874523639679,0,1.17104268074036,0,0,0,0,0,0,0,0,0,1.0127409696579,1.86899143457413,0,0,0,0,0,0.389427214860916,245.501206308603,73.1182798743248,0.473088443279266,28.0292875766754,0,39.7064253389835,71.0288968980312,36.4131007790565,18.5685698986053,1.91821959614754,2.75839298963547,14.4328235387802,0.612849235534668,2.66509282588959,399.222399920225,256.646223008633,758.489012241364,558.460084408522,0,184.106952041388,13.5240569114685,1.13941091299057,106.57760605216,0,1.67039400339127,4.9327939748764,0.599530279636383,5.01880598068237,2.17558485269547,3.1890224814415,2.27864050865173,2.27323818206787,0,0.886236786842346,0,0.554152309894562,0.475314855575562,7.47941049933434,0,0,0,0.747284352779388,0,0.380582332611084,0.58414363861084
2958.99225795269,6534.7147423476,3498.9813901186,3941.05062362552,3113.09577685595,7250.08374896646,11878.0788682699,13862.3260574937,17545.3377389014,1348.66333833337,55.7855418026447,2010.76132851839,144.549735784531,237.180976837873,52747.5742941201,862.292430698872,222.12917432189,97.3235654532909,390.737441450357,85.4200060963631,642.746827751398,1521.62727195024,455.519025325775,1154.70193037391,987.754974246025,1736.36405739188,245.755263328552,405.17672817409,8109.11595609784,3904.73378878832,3175.40800255537,4944.58242481947,890.436102747917,1626.4992005527,820.980970680714,1442.36638662219,6065.85687465966,5565.01736581326,3226.62459236383,1023.24622869492,1225.01411570609,3302.1951392293,6641.30137103796,224.638601183891,1888.92298659682,69.5867036283016,1.64239555597305,96.6058260798454,12.0579037368298,38.4486039280891,1.93117785453796,2.78094279766083,15.3294974565506,5.89153444766998,28.4183047413826,4.27430260181427,1.30871522426605,0,0,2.16022223234177,0,1.94335749745369,4.66530346870422,3.94265651702881,12.8596991300583,2.05371981859207,0,0.848854184150696,3.84181860089302,4.43396979570389,0,484.906721889973,259.827940523624,40.9543617665768,346.753781765699,25.2064181864262,524.109357595444,115.082225292921,799.186893582344,100.061023324728,105.917802840471,106.783164232969,26.9496982395649,15.5337157547474,334.446677744389,12.0522499084473,1345.58809959888,124.117592692375,13.7266640365124,7.97440901398659,810.977121412754,298.760078847408,61.1633430719376,137.428839206696,5.36657980084419,3.26562735438347,111.240414887667,78.3789501488209,19.1317355930805,64.0749194920063,32.7102445662022,4.98500642180443,9.01460298895836,40.2290402054787,78.7021226733923,53.1877316534519,31.9299914836884,21.373733997345,488.098953604698,14.4051627516747,1.9075588285923,43.3899998962879,0,27.5947327017784,4.04341617226601,10.8986265659332
67.425621598959,3089.08166825771,297.921516597271,2810.57993723452,292.739245682955,125.643070966005,1212.85259649158,253.78311124444,24.1603508889675,3952.38834103942,1764.2976077199,24878.31948331,1285.4092476666,1794.16709312797,862.292430698872,19236.7890959084,8970.56283888221,1331.95567111671,37.0081128776073,205.69874060154,59.9243235290051,709.471123665571,114.324917554855,213.59110994637,9.10094463825226,8.5381968319416,0,45.3700833022594,41.3930833935738,25.9961991161108,42.2757776379585,26.3616505265236,20.0858374536037,2520.08797626197,128.596092402935,0.900964021682739,24.3059660494328,6.77826282382011,40.6221885383129,1.70786875486374,38.1114309728146,6281.19696429372,2085.69541342556,143.350783973932,1565.36261326075,0.423455029726028,4.3098261654377,19.1606099307537,2.06473404169083,0,3.17221632599831,6.25780549645424,23.8924866318703,2.80868947505951,35.9646054208279,4.47978195548058,0,0,0,1.22177273035049,0.662332653999329,0.755386471748352,2.75265181064606,3.01429462432861,10.7335518598557,0.562380850315094,0.588794887065887,0,4.7070004940033,8.71832254528999,2.68000644445419,1317.96374741197,604.856663942337,74.0767420232296,504.641032844782,23.001366019249,840.23150408268,389.304039120674,1085.7521597147,232.310802668333,192.600630104542,157.497455120087,74.8586108982563,12.894260853529,606.13720074296,165.455837875605,4056.06700788438,2241.68851166964,440.508865863085,16.6330071985722,2456.71132844687,611.996771723032,14.0319326519966,12.353267878294,2.10618677735329,13.7657536268234,4.43536892533302,4.7117702960968,14.5916348397732,1.29214909672737,3.32260531187057,0,2.93295702338219,10.263391405344,6.38870447874069,6.96563842892647,5.8461092710495,9.03598022460938,107.295157164335,14.8138437271118,0,9.08752566576004,4.45239686965942,11.0075831413269,3.27342873811722,6.42752853035927
140.901299118996,1084.11795347929,71.5954918265343,589.778425246477,21.1765602231026,32.6825040280819,299.749770238996,55.9926765263081,7.67683607339859,7781.42956149578,405.07212010026,7023.8087759465,70.2083117365837,216.035086721182,222.12917432189,8970.56283888221,17850.6933749914,4196.56794077158,27.4813819229603,161.35919418931,6.41214990615845,1040.49532741308,478.653421223164,129.102773725986,9.80641201138496,8.69928675889969,0,33.7592145204544,505.837799221277,340.649271607399,12.3894156217575,9.02836793661118,5.96235391497612,20569.1044108272,5576.19793954492,0,9.41963201761246,3.7105285525322,9.95672115683556,5.88629049062729,8.6763916015625,2024.72928282619,492.105918705463,37.5008924305439,668.161288380623,0.546146333217621,2.97204402089119,17.8124284148216,2.92407298088074,0,0.929384589195251,0.581219732761383,12.3025423884392,1.11423486471176,27.6789669692516,3.48092505335808,0,0,0.914009571075439,0,0,1.64584666490555,3.79296419024467,5.64609926939011,13.898794054985,0,0,1.27777910232544,2.61619704961777,4.29910933971405,0.926991164684296,349.762988761067,341.539614289999,72.1425343155861,704.584927797318,400.698255330324,501.809143215418,48.9115159809589,758.401526793838,27.0091113448143,300.074583292007,148.292776048183,12.9351053833961,64.0324482321739,3894.69087228179,12.5238090157509,1152.89264297485,288.814148724079,85.2175481319427,26.8931196331978,671.702570527792,4071.6899960041,40.0076912939548,23.7122552096844,3.43027666211128,0,1.4976698756218,3.76318773627281,1.42194366455078,6.67295816540718,13.4475825726986,0,1.10885274410248,411.596262067556,137.072952032089,18.4677190482616,29.9684180915356,27.445492118597,520.315280839801,1053.54179427028,0.8456711769104,12.5233679413795,0,29.1437854468822,0,4.07982492446899
3.01156562566757,74.2807567417622,33.5449373424053,42.847648113966,5.04472979903221,5.12452244758606,28.3729334175587,4.75565499067307,4.84514099359512,128.753497242928,149.896347761154,1050.36789235473,33.7260966897011,71.9402051568031,97.3235654532909,1331.95567111671,4196.56794077158,2331.03807578981,713.730260789394,383.399287045002,23.6139650642872,2606.65440757573,1449.11096516252,623.804472774267,443.4556876719,120.297888308764,18.8135488033295,96.50626565516,1.16510456800461,219.808873265982,49.378252863884,7.09815272688866,9.11834233999252,11832.2206048518,2.49555195868015,7.28082406520844,38.9684883952141,10.3509208261967,55.1116074919701,3.85421431064606,61.5507302284241,573.504058927298,131.928204372525,8.91188311576843,523.14475697279,2.33128410577774,1.35995292663574,28.9523859918118,9.45596295595169,1.49557846784592,1.51755660772324,1.97431397438049,2.00154566764832,4.10963848233223,2.56495869159698,1.26108831167221,0,0.910938918590546,0,0,0,0,4.14043402671814,0.9040287733078,6.84841504693031,8.95630869269371,3.65883481502533,0,0.481196135282516,0,0,42.3410917520523,41.703672349453,10.8896443843842,107.104006588459,6.72553136944771,23.8359495103359,12.6466618776321,41.7394962608814,8.57334649562836,13.1980508267879,6.31564870476723,1.94969743490219,4.67256137728691,19.5714343190193,6.37742176651955,72.4797444343567,115.740365028381,34.426559150219,5.0469671189785,55.990701764822,253.047561198473,536.454216331244,234.638627678156,102.003570377827,7.13708946108818,1511.63366571069,977.641507536173,297.042257964611,337.266148388386,135.141895771027,33.7348673343658,87.4659783840179,39.1365326046944,70.4628806114197,50.3924765884876,24.3739324212074,11.653016358614,1042.30341914296,45.1160813271999,0,27.3020915389061,3.21575337648392,31.9823996722698,12.5138214826584,15.8673962056637
1874.95487329364,289.974172353745,129.359768182039,338.384438887239,119.83127990365,122.242412686348,135.547782748938,92.6509019732475,77.98960262537,277.69107323885,487.244682848454,52.8016144186258,10.9053614139557,323.324911236763,390.737441450357,37.0081128776073,27.4813819229603,713.730260789394,20304.4589960575,6414.96548229456,1379.78405736387,4563.69106890261,1569.13752445579,4505.93810389936,2454.58560207486,2238.05752721429,397.830479308963,2400.7236071229,3068.97896376252,1735.76232421398,1694.61945566535,508.282717168331,1031.54651470482,2574.36075162888,2105.40925204754,24.6588503420353,229.742825955153,496.037922739983,951.220725625753,3260.53410613537,5546.66908608377,813.303349345922,1867.944781214,3628.37065398693,15044.097816363,187.235554337502,84.0444456934929,575.879404127598,284.295167684555,90.4532218277454,44.3614986538887,114.397080391645,109.595639318228,83.2954283058643,80.4695151746273,75.5720956027508,37.5581020414829,1.89457583427429,7.27201300859451,7.05131512880325,3.91710472106934,15.5492129921913,68.4405660927296,70.3394752442837,121.499853432178,16.7810670733452,26.3619101643562,7.65713757276535,67.6734157204628,37.4215562343597,21.9792023301125,37.8067001700401,158.554876476526,54.1325226724148,415.034163236618,39.1131066977978,30.105620354414,0,37.5591705739498,1.84178626537323,6.2900947034359,4.47113865613937,2.56319296360016,13.7543362975121,64.1769744455814,124.803838908672,37.4431833922863,3.01583680510521,0.88152688741684,10.1266124546528,20.9627184867859,73.0830691158772,338.703238070011,1091.42645317316,145.596987217665,15.1591902077198,1381.52001294494,825.936345338821,348.507588297129,351.656420201063,191.399482488632,37.2483198642731,112.946897834539,109.611263304949,404.135760098696,251.248529672623,107.135324388742,94.9151858985424,2335.36283808947,10.2894679605961,2.20792323350906,164.776612609625,3.68032923340797,102.575335353613,15.8454338014126,54.9477832317352
352.347624123096,32.297865152359,13.7114279568195,65.7272098660469,11.0774772167206,26.4190676212311,24.43852648139,7.47849825024605,15.8538380563259,50.4942007064819,37.549472540617,205.139416798949,5.82596272230148,22.4970813989639,85.4200060963631,205.69874060154,161.35919418931,383.399287045002,6414.96548229456,14560.285472095,1379.88580156863,2146.92407269776,790.624380171299,5712.47927366197,823.662118881941,490.677398592234,112.158335387707,4285.7615070045,625.059390544891,543.057413071394,212.240044653416,103.223184376955,92.8964374363422,1870.61549666524,386.543142467737,5.07218980789185,52.8565342128277,309.35344851017,109.868042677641,130.5889364779,985.613344952464,178.445935964584,262.595644593239,139.596006929874,702.444775030017,501.699263364077,197.202673494816,243.809921652079,378.318913072348,133.755502671003,57.7947990894318,107.583433806896,83.07779276371,78.7386381328106,8.65735369920731,2.76158910989761,37.65265583992,0,1.79695820808411,2.05629760026932,2.16859948635101,12.9937635660172,116.175501763821,69.867707669735,48.829920321703,20.2545093297958,37.7553969621658,6.04182878136635,66.4643380641937,24.684652119875,13.2486577630043,9.55512154102325,22.2568961381912,5.52079331874847,65.9844106137753,13.5389034748077,3.97893893718719,0.608591556549072,4.74912253022194,0.554910123348236,1.06791532039642,0,0,0.576936781406403,11.7994076907635,3.43105095624924,6.81178411841393,16.6897470057011,1.74482098221779,1.88662087917328,10.618820130825,197.714472174644,213.401659250259,159.258545339108,29.6193383932114,1.29587450623512,263.607712507248,142.273739755154,83.3863364160061,71.7335544228554,43.4910171329975,4.15194976329803,20.2236694395542,31.9051646888256,59.5680458247662,22.5181731581688,14.0949095189571,7.67922538518906,478.304713010788,31.3702448010445,0,12.2937352061272,0,18.0001735687256,0,5.18567210435867
18.1305230557919,299.876689583063,679.484376341105,112.37396967411,562.28457981348,5.87786713242531,27.8867826759815,501.586035043001,0.438424557447433,5.92887151241302,33.4494055509567,111.531731128693,54.552972137928,80.7468770444393,642.746827751398,59.9243235290051,6.41214990615845,23.6139650642872,1379.78405736387,1379.88580156863,3410.59261618555,627.965599536896,162.692511856556,613.109071731567,222.272953301668,286.634492635727,97.1421420574188,243.560242086649,12.0779027938843,63.4402353465557,114.192938804626,6.27253368496895,123.555306792259,146.127655357122,7.65426936745644,1.52725067734718,22.7053938210011,2254.83219218254,177.273535132408,4924.17111814022,678.556315213442,416.42373560369,1993.07605117559,970.109285205603,819.548659235239,23.8555234670639,2.85257348418236,35.8146925270557,7.68140816688538,21.2223663032055,10.0515848994255,6.61647322773933,10.1325708627701,2.3546324968338,24.1560367941856,0.62911182641983,1.08174520730972,0,0,0,0,0.466850072145462,0,2.98947989940643,4.71123629808426,0,0,1.10545861721039,2.62815368175507,4.79384124279022,0,102.191346168518,52.3309949934483,37.5513042807579,60.7440693676472,0,20.2079620361328,19.1507090032101,13.9143749177456,9.83292469382286,1.22391188144684,0.914043188095093,1.50727805495262,0.680217266082764,1.75975945591927,1.79892474412918,85.4375189244747,18.9903494715691,2.9899163544178,1.48654255270958,40.431904643774,13.8306230008602,45.4791080951691,127.556860506535,6.18608382344246,46.1063870489597,109.234384477139,51.8562557995319,18.0370516180992,36.8363941311836,27.0637200176716,2.37858334183693,9.30838429927826,6.8395194709301,68.6294554919004,31.5720348209143,6.91596901416779,17.6947938501835,316.35897153616,0,0,21.0349110662937,0.484814167022705,15.6135429441929,1.07398962974548,3.97314077615738
7.30913525819778,125.390726923943,162.027806222439,58.6924069225788,151.440115809441,7.71599385142326,41.0734932720661,126.369956284761,5.74946829676628,146.770140886307,81.2250590026379,763.014435812831,31.8432795107365,51.8119263648987,1521.62727195024,709.471123665571,1040.49532741308,2606.65440757573,4563.69106890261,2146.92407269776,627.965599536896,107232.424519464,79201.0613820851,62291.7551927418,39718.1541980803,25657.7055573314,8320.8431404531,3559.01336196065,3.63412946462631,851.63103467226,205.948028981686,39.7094633579254,107.916201353073,19062.547209844,5.29465916752815,14.8527002632618,827.040598273277,393.382545053959,1592.83092464507,101.151735648513,2112.48215135932,296.63487008214,2504.31333613396,40.120329529047,3673.33147415519,2198.19234904647,25.4113944768906,337.517082720995,123.229618102312,1381.20069417357,4.64150905609131,18.416862487793,10.5751636326313,8.6607845723629,5.68219554424286,21.9226932227612,4.99030992388725,91.2862889766693,0.436769813299179,1.80728363990784,0,1.97112423181534,505.961485415697,1.11478009819984,32.188054651022,11.6501683592796,645.030608177185,0,3.94759711623192,6.38002374768257,2.08236914873123,30.6659985780716,332.083482027054,67.2837120294571,299.007531017065,7.57323205471039,19.0058994591236,15.7010799348354,27.3742188215256,10.9792274832726,5.20159915089607,4.8012068271637,13.2182469367981,4.24451181292534,16.8289857208729,3.90816301107407,57.1331076920033,41.9067744910717,12.9848081618547,25.306853055954,43.7530559301376,215.303522139788,1043.05442658067,838.853346854448,178.441167801619,57.702620446682,32624.6580492258,16892.3226151168,7065.10348471999,3869.51773715019,609.491516858339,139.395637392998,471.429103463888,33.4999263286591,167.658970624208,22.9914630949497,16.0714035332203,41.6402444243431,2727.46306627989,46.9327740073204,0.60419362783432,63.7703225314617,18.4374492764473,198.04548022151,79.3208702802658,89.3635585904121
